------------------------------------------------------------------------------
                           GCC Code Coverage Report
Directory: .
------------------------------------------------------------------------------
File                                    Branches   Taken  Cover   Missing
------------------------------------------------------------------------------
src/arg.c                                     66      37    56%   38,40,85,86,103,187,191,201,205,206,222,243,263,265,267,329
src/clean.c                                  126     111    88%   18,28,63,73,150,157,165,210,272,292,332,333
src/compile.c                                 62      55    88%   37,56,57,67,81,136
src/emit/emit.c                             1094     786    71%   56,192,193,199,210,211,216,218,219,276,282,292,315,331,336,350,375,384,388,395,416,433,437,449,452,453,454,460,530,544,553,579,598,602,610,611,617,624,634,642,649,650,677,684,734,735,736,781,806,808,817,829,838,839,840,866,868,881,884,905,907,908,909,917,929,942,948,950,952,953,959,962,973,1012,1016,1023,1148,1149,1151,1152,1153,1160,1168,1173,1182,1204,1207,1208,1212,1219,1220,1233,1243,1252,1263,1303,1308,1338,1385,1398,1400,1433,1435,1443,1444,1449,1458,1462,1484,1487,1530,1580,1586,1587,1607,1643,1652,1656,1657,1676,1683,1690,1694,1695,1708,1718,1720,1721,1737,1746,1748,1758,1767,1769,1783,1788,1790,1792,1793,1803,1804,1809,1811,1812,1815,1838,1849,1853,1856,1868,1881,1882,1884,1885,1893,1925,1927,1929,1930,1935,1936,1938,1939,1946,1962,1972,1973,1985,1987,1994,1996,1997,2000,2030,2050,2059,2061,2077,2083,2088,2102,2103,2113,2114,2145,2155,2165,2180,2202,2229,2230,2243,2245,2246,2269,2271,2282,2291,2292,2316,2319,2320,2321,2325,2329,2330,2332,2334,2335,2337,2338,2339,2356,2358,2368,2379,2382,2384,2414,2421,2441,2443,2525,2528,2558,2565,2607,2626,2627,2628,2644,2678,2698,2699,2726,2735,2738,2739,2741,2745,2757,2763
src/emit/emitter.c                             2       2   100%   
src/emit/escape.c                             44      32    72%   40,44,53,57,66
src/emit/memoize.c                             6       6   100%   
src/env/context.c                              0       0    --%   
src/env/env.c                                 16      14    87%   66,102
src/env/env_utils.c                           60      53    88%   12,17,24,36,49,57,69
src/env/envset.c                              48      33    68%   11,12,23,24,27,29,30,32,33,46,61,76,78
src/env/func.c                                16      15    93%   33
src/env/nspc.c                                52      41    78%   18,29,30,32,34,41,72,82
src/env/trait.c                                4       0     0%   12,13
src/env/tupleform.c                           16      14    87%   26
src/env/type.c                                72      61    84%   54,113,114,115,119,153
src/env/value.c                                8       8   100%   
src/gwion.c                                   48      36    75%   25,64,66,68,102,103,105,107,109,113,145
src/gwiondata.c                                4       3    75%   47
src/import/cleaner.c                           6       6   100%   
src/import/import_cdef.c                      54      44    81%   39,66,78,80,83,84,87,104,124,137
src/import/import_checker.c                  124      97    78%   75,98,102,115,118,119,120,131,142,144,155,162,173,184,192,193,194,218,274,279,300,301
src/import/import_enum.c                      28      23    82%   23,51,76,77,84
src/import/import_fdef.c                      54      45    83%   23,59,63,94,104,105,139,140,142
src/import/import_internals.c                  8       7    87%   45
src/import/import_item.c                      18      16    88%   15,38
src/import/import_oper.c                      28       6    21%   70,75,78,80,83,85,90,92,96,98
src/import/import_special.c                    6       1    16%   31,33,61
src/import/import_tdef.c                      20      14    70%   23,24,28,37,51,52
src/import/import_type.c                      20      15    75%   20,21,34,37
src/import/import_udef.c                      32      25    78%   29,35,36,37,45,55,63
src/lib/array.c                              196     125    63%   20,33,50,57,65,74,81,89,118,125,138,177,194,211,219,223,236,237,249,262,293,302,311,334,349,354,367,436,471,504,518,530,541,550,559,572,620,635,637,643,651,675,680,709,717,719,935
src/lib/engine.c                              56      26    46%   17,49,50,70,76,81,86,91,96,101,106,111,116,122,129,137,142,147,154,177,186,191,197,208
src/lib/event.c                                4       3    75%   28
src/lib/instr.c                               40      30    75%   32,33,38,51,58,62,105,106,113,117
src/lib/lib_func.c                           220     161    73%   56,84,85,86,94,107,113,114,163,169,173,179,180,183,200,208,225,226,258,259,278,290,307,334,348,357,361,372,378,399,409,412,414,417,419,420,427,453,454,456,466,467,484,486,540,547,560,568,584
src/lib/modules.c                             38      17    44%   147,201,217,218,227,228,237,245,248,253,259,268
src/lib/object.c                              42      41    97%   102
src/lib/object_op.c                          138     120    87%   51,113,114,122,123,128,163,179,188,191,218,228,268,270,283,299,313,323
src/lib/opfunc.c                              24      20    83%   18,109,115
src/lib/prim.c                               450     167    37%   31,61,62,63,64,67,70,71,72,73,74,75,76,77,78,79,80,81,82,161,186,187,188,260,261,262,263,266,267,268,269,270,271,272,273,322,323,324,325,329,330,331,332,333,334,335,336,408,409,414,453,454,455,456,461,462,463,464,465,466,467,468,472,474
src/lib/prim_values.c                          0       0    --%   
src/lib/ptr.c                                 48      33    68%   32,41,48,62,64,65,66,77,147,162
src/lib/ref.c                                 20      11    55%   22,29,69,86,87,88,89,93,99
src/lib/shred.c                               72      49    68%   67,72,80,87,90,109,150,151,154,187,189,191,199,215,225,237,258,285,290,295
src/lib/string.c                             154      81    52%   29,49,73,84,88,89,102,195,204,205,206,217,225,230,231,243,244,253,268,275,278,287,290,300,303,312,319,322,331,334,335,345,348,349,360,366
src/lib/tmpl_info.c                           26      21    80%   29,45,64,88,89
src/lib/ugen.c                               132      52    39%   43,71,118,123,203,205,223,225,227,229,245,246,247,250,266,268,270,273,315,325,344
src/lib/union.c                               48      17    35%   20,39,40,51,67,70,79,83,87,101,115,118,123,124,129,130,195
src/lib/vararg.c                              42      34    81%   35,52,81,96,121,122,144
src/main.c                                     2       1    50%   45
src/parse/check.c                           1012     802    79%   40,44,45,76,80,88,106,118,139,156,157,159,160,162,214,215,226,237,238,256,259,260,268,270,287,293,297,301,325,331,438,444,445,459,469,489,497,501,503,504,532,538,551,554,595,602,610,662,668,676,679,680,696,716,730,739,743,751,762,763,770,772,800,801,803,809,816,817,818,845,851,866,869,891,895,899,903,917,926,931,943,944,946,948,955,1000,1010,1042,1078,1097,1103,1112,1118,1119,1134,1143,1168,1171,1177,1183,1194,1202,1207,1216,1251,1254,1259,1260,1262,1264,1279,1288,1296,1305,1321,1329,1333,1341,1345,1346,1362,1370,1428,1437,1445,1449,1468,1470,1472,1474,1488,1490,1491,1499,1502,1511,1540,1556,1560,1563,1576,1589,1590,1599,1601,1603,1605,1606,1608,1612,1637,1638,1639,1648,1659,1703,1729,1737,1741,1742,1744,1782,1784,1785
src/parse/check_traits.c                      54       0     0%   17,23,29,35,42,53,55,63,64,72,73,75,77,82,86,92,103,105,114,115,118,124,130
src/parse/compat_func.c                       10      10   100%   
src/parse/did_you_mean.c                      36      31    86%   29,55,63,66
src/parse/func_operator.c                     16      16   100%   
src/parse/func_resolve_tmpl.c                 92      79    85%   44,49,63,72,76,84,87,137,166,167,175,188,190
src/parse/operator.c                         168     131    78%   41,45,54,73,216,224,225,226,256,271,272,273,278,288,294,303,305,308,311,313,321
src/parse/scan0.c                            250     184    73%   20,68,71,76,122,125,131,137,160,161,163,166,177,179,181,190,214,220,227,233,235,238,269,271,275,276,282,284,290,291,292,302,304,305,331,333,341,396,401,406,414,429,436,440,451,453,455,466,472,485,499,502
src/parse/scan1.c                            488     396    81%   42,55,56,58,66,67,85,89,90,93,94,100,107,117,150,162,183,188,189,204,210,222,233,243,244,264,265,275,277,284,290,296,302,305,325,338,340,342,346,348,351,367,372,373,440,452,453,469,472,484,485,487,528,556,563,580,587,612,625,639,640,651,655,664,665,666,669,676,685,688
src/parse/scan2.c                            358     287    80%   30,35,73,90,92,98,99,105,120,125,141,142,159,169,170,184,185,195,197,204,210,216,226,228,230,234,236,238,288,297,301,332,336,364,371,379,386,388,410,418,437,440,480,483,486,487,489,508,535,540,552,553,566,567,568,574,583,585,587,588
src/parse/scanx.c                             34      28    82%   16,24,25,29,37
src/parse/template.c                          58      44    75%   21,29,30,31,54,67,84,93,101,110,134,145,146
src/parse/traverse.c                          46      33    71%   15,16,21,36,38,44,58,59,65,66,67
src/parse/type_decl.c                         36      21    58%   12,26,38,39,44,45,46,47,57
src/pass.c                                    10      10   100%   
src/plug.c                                    70      62    88%   112,113,129,132,160,202
src/soundinfo.c                                0       0    --%   
src/vm/closure.c                               2       1    50%   23
src/vm/driver.c                                8       8   100%   
src/vm/gack.c                                 14      12    85%   27,31
src/vm/shreduler.c                            38      38   100%   
src/vm/vm.c                                  190     102    53%   52,54,57,58,59,62,68,79,89,91,93,100,117,132,139,158,164,168,169,221,457,500,573,587,594,596,638,640,672,674,720,722,757,759,786,909,910,973,1021,1039,1051,1057,1059,1128,1136,1163,1166,1176,1185
src/vm/vm_code.c                              86      74    86%   27,68,84,88,90,91,92,137
src/vm/vm_name.c                               4       3    75%   13
src/vm/vm_shred.c                             12      11    91%   29
------------------------------------------------------------------------------
TOTAL                                       6986    4998    71%
------------------------------------------------------------------------------
