------------------------------------------------------------------------------
                           GCC Code Coverage Report
Directory: .
------------------------------------------------------------------------------
File                                    Branches   Taken  Cover   Missing
------------------------------------------------------------------------------
src/arg.c                                     54      32    59%   14,16,80,85,93,97,101,105,109,113,117,135,139,150,154,155,165
src/clean.c                                  106     103    97%   75,161,281
src/compile.c                                 54      46    85%   42,64,65,75,89,127
src/emit/emit.c                              862     669    77%   81,88,206,211,224,225,231,250,258,290,304,305,307,308,399,417,421,429,430,434,440,447,451,458,459,464,471,529,530,531,577,600,601,621,628,629,630,651,652,653,663,664,666,667,675,689,691,692,693,699,701,702,725,730,732,734,742,787,790,796,801,802,803,807,815,823,834,845,848,849,859,868,869,880,889,895,904,944,950,1018,1031,1033,1054,1057,1060,1065,1066,1071,1078,1100,1102,1141,1167,1188,1194,1195,1237,1240,1252,1262,1266,1283,1294,1295,1304,1318,1330,1332,1334,1338,1373,1379,1380,1384,1404,1415,1417,1455,1457,1477,1486,1487,1494,1496,1502,1504,1505,1508,1558,1568,1579,1636,1664,1705,1706,1715,1724,1725,1736,1748,1752,1753,1765,1769,1771,1799,1806,1823,1824,1892,1925,1926,1967,1968,1987,1988,1989,2005,2015,2032,2053,2067,2068,2070,2079,2082,2083,2085,2089,2108
src/emit/emitter.c                             2       2   100%   
src/emit/escape.c                             38      29    76%   41,45,57,65
src/emit/memoize.c                             6       6   100%   
src/env/context.c                              4       4   100%   
src/env/env.c                                 10      10   100%   
src/env/env_utils.c                           52      47    90%   16,28,33,51,62
src/env/envset.c                              40      27    67%   11,12,21,22,25,26,27,28,36,49,51,60
src/env/func.c                                14      13    92%   32
src/env/nspc.c                                60      47    78%   16,25,26,27,33,70
src/env/tupleform.c                           16      15    93%   26
src/env/type.c                               108      85    78%   18,66,112,119,134,135,139,149,159,160,163,165,166,168,171,176,205
src/env/type_special.c                        10      10   100%   
src/env/value.c                               20      20   100%   
src/gwion.c                                   40      36    90%   32,77,79,82
src/gwiondata.c                                4       4   100%   
src/import/import_cdef.c                      48      36    75%   33,34,42,69,70,77,80,85,89,106
src/import/import_checker.c                  118      93    78%   75,96,100,111,115,117,119,132,184,186,198,206,226,234,235,237,271,277,293,294
src/import/import_enum.c                      30      23    76%   25,53,72,74,83,99,101
src/import/import_fdef.c                      46      41    89%   22,84,93,115,116
src/import/import_internals.c                  4       4   100%   
src/import/import_item.c                      14      13    92%   14
src/import/import_oper.c                       4       4   100%   
src/import/import_special.c                    0       0    --%   
src/import/import_tdef.c                      16       9    56%   22,23,27,31,39,43,45
src/import/import_type.c                      16      14    87%   20,21
src/import/import_udef.c                      50      44    88%   30,33,38,46,50,63
src/lib/array.c                              134     104    77%   52,55,79,88,103,116,119,163,173,176,213,231,254,271,284,298,336,353,375,387,392,402,534,541
src/lib/engine.c                              20      15    75%   22,69,71,172,177
src/lib/event.c                                4       3    75%   37
src/lib/instr.c                               32      27    84%   38,86,97,106,111
src/lib/lib_func.c                           150     118    78%   69,70,79,87,94,124,127,129,133,134,136,146,151,159,173,175,188,198,214,223,236,246,259,260,276,302,322,339
src/lib/modules.c                             38      34    89%   148,218,239,251
src/lib/object.c                              56      53    94%   77,87,111
src/lib/object_op.c                          186     154    82%   56,142,157,170,171,206,214,217,242,254,257,286,288,322,326,335,353,355,364,366,376,382,387,389,414,416,419
src/lib/opfunc.c                              28      21    75%   16,79,81,97,103
src/lib/prim.c                                20      13    65%   77,226,227,233,234
src/lib/prim_values.c                          0       0    --%   
src/lib/ptr.c                                 50      37    74%   27,52,58,60,62,63,73,74,81,82,145
src/lib/shred.c                               68      49    72%   66,71,81,89,91,110,152,153,156,181,192,194,197,223,246,290,296,302
src/lib/string.c                             178      49    27%   33,34,41,63,75,77,78,93,94,102,103,111,121,132,134,135,139,140,144,149,159,170,185,194,196,198,210,218,224,226,239,248,267,268,282,286,287,297,305,313,314,325,334,342,343,357,358,368,377,378,388,400,401,412,421,429,430,446,452
src/lib/ugen.c                                64      59    92%   72,201,202,251,272
src/lib/vararg.c                              58      44    75%   34,51,79,101,140,166,167,168,169,170,171,172,173,176
src/main.c                                     2       2   100%   
src/parse/check.c                            920     757    82%   38,42,43,52,74,80,95,103,108,120,133,166,167,169,175,213,219,221,232,240,241,261,262,278,286,288,291,293,302,306,312,313,324,330,344,388,394,395,429,451,455,459,477,485,535,554,559,562,567,569,571,574,578,587,626,628,657,707,712,716,719,736,756,770,779,781,792,797,804,805,808,831,837,838,847,849,876,877,878,882,894,899,904,912,913,914,920,924,968,988,994,1006,1013,1017,1022,1037,1039,1054,1057,1063,1069,1077,1086,1093,1111,1126,1129,1140,1141,1180,1184,1196,1202,1208,1221,1237,1246,1287,1304,1338,1340,1346,1371,1375,1405,1407,1414,1415,1417,1426,1427,1428,1431
src/parse/compat_func.c                       10      10   100%   
src/parse/did_you_mean.c                      38      33    86%   32,51,63,68
src/parse/func_operator.c                     16      16   100%   
src/parse/operator.c                         178     162    91%   50,53,89,106,131,187,277,288,295,296,322,329,335,343,344
src/parse/scan0.c                            196     158    80%   20,75,120,122,132,137,141,159,160,161,163,166,191,201,207,209,211,234,246,261,267,268,272,278,280,284,286,299,300,301,315,317,318,394
src/parse/scan1.c                            470     404    86%   38,53,57,59,77,85,89,105,130,149,160,180,186,188,204,209,221,245,246,263,265,275,277,283,288,290,292,296,298,300,317,322,323,378,390,393,411,425,426,428,493,499,520,531,579,581,590,591,595,604,605,607,619,620
src/parse/scan2.c                            366     296    80%   25,31,66,86,98,100,107,120,125,139,140,156,166,167,180,182,192,194,200,208,210,212,216,218,220,237,261,300,301,304,339,343,369,371,378,383,390,392,403,416,424,444,447,471,487,490,494,496,499,538,555,557,562,563,565,574,575,576,579,581
src/parse/scanx.c                             42      35    83%   16,24,25,30,38,61
src/parse/stage.c                             18      18   100%   
src/parse/template.c                          42      33    78%   27,36,37,62,66,89,97,126
src/parse/traverse.c                          50      39    78%   15,21,32,34,40,53,54,55,62,64,65
src/parse/type_decl.c                         30      28    93%   11,18
src/pass.c                                     8       8   100%   
src/plug.c                                    42      41    97%   180
src/soundinfo.c                                0       0    --%   
src/vm/driver.c                                8       8   100%   
src/vm/gack.c                                 14      12    85%   26,31
src/vm/shreduler.c                            40      40   100%   
src/vm/vm.c                                  128      84    65%   48,56,76,83,87,89,139,364,407,466,479,480,507,508,526,527,557,558,577,578,595,814,875,898
src/vm/vm_code.c                              16      16   100%   
src/vm/vm_name.c                               4       3    75%   13
src/vm/vm_shred.c                              6       6   100%   
------------------------------------------------------------------------------
TOTAL                                       5576    4475    80%
------------------------------------------------------------------------------
