------------------------------------------------------------------------------
                           GCC Code Coverage Report
Directory: .
------------------------------------------------------------------------------
File                                    Branches   Taken  Cover   Missing
------------------------------------------------------------------------------
src/arg.c                                     53      32    60%   14,16,85,93,97,101,105,109,113,117,132,136,147,151,152,162
src/compile.c                                 40      37    92%   41,66,99
src/emit/emit.c                              756     591    78%   148,188,213,220,247,261,263,264,275,310,314,356,374,378,386,387,390,396,401,405,412,413,417,430,511,512,522,523,537,566,568,569,570,571,577,597,600,602,604,606,615,642,652,659,664,665,666,668,669,671,673,691,702,709,717,718,724,731,736,738,742,785,852,865,867,888,889,891,894,898,899,902,903,952,978,995,997,998,999,1023,1041,1050,1064,1075,1084,1085,1113,1129,1135,1136,1140,1160,1161,1171,1173,1216,1218,1231,1241,1242,1246,1249,1256,1259,1262,1282,1292,1310,1317,1367,1396,1433,1438,1442,1451,1452,1463,1474,1478,1479,1491,1495,1497,1525,1532,1549,1550,1574,1576,1581,1627,1658,1659,1700,1701,1720,1721,1722,1730,1732,1741,1743,1753,1772,1786,1787,1789,1801,1806,1820
src/emit/emitter.c                             2       2   100%   
src/emit/escape.c                             38      29    76%   41,45,57,65
src/emit/memoize.c                             6       6   100%   
src/env/context.c                              4       4   100%   
src/env/env.c                                 10      10   100%   
src/env/env_utils.c                           56      49    87%   16,21,28,35,51,53,70
src/env/nspc.c                                32      30    93%   16,53
src/env/tupleform.c                            8       8   100%   
src/env/type.c                                98      89    90%   18,78,138,139,143,169,175,179
src/env/value.c                               20      18    90%   9,13
src/gwion.c                                   38      35    92%   32,77,79
src/gwiondata.c                                4       4   100%   
src/import/cdef.c                             42      34    81%   31,32,33,71,78,79,101
src/import/checker.c                         142     114    80%   28,51,57,106,107,112,118,119,123,133,144,147,161,172,200,201,209,210,221,224,254,258,263,285,299,300
src/import/enum.c                             30      23    76%   25,53,72,74,83,99,101
src/import/fdef.c                             44      38    86%   21,22,85,94,116,117
src/import/internals.c                         4       4   100%   
src/import/item.c                             14      12    85%   14,50
src/import/oper.c                              4       4   100%   
src/import/special.c                           0       0    --%   
src/import/tdef.c                             16      10    62%   22,23,28,40,44,46
src/import/type.c                             16      13    81%   20,21,33
src/import/udef.c                             50      43    86%   19,30,33,38,46,50,63
src/lib/array.c                              110      91    82%   52,76,102,104,148,157,180,191,205,239,277,289,293,303,419,426
src/lib/engine.c                              20      15    75%   22,62,64,159,164
src/lib/event.c                                4       3    75%   37
src/lib/func.c                               144     117    81%   73,74,83,91,98,128,131,133,137,138,140,150,155,159,191,203,219,232,236,237,246,252,253,265,272,289
src/lib/gack.c                                18      14    77%   26,31,53,76
src/lib/instr.c                               28      24    85%   84,95,104,109
src/lib/modules.c                             38      34    89%   148,218,239,251
src/lib/object.c                              36      35    97%   79
src/lib/object_op.c                          154     135    87%   56,98,160,172,203,211,214,226,237,266,268,302,306,315,337,347,352,354
src/lib/opfunc.c                              28      24    85%   20,94,102,108
src/lib/prim.c                                10       9    90%   77
src/lib/prim_values.c                          0       0    --%   
src/lib/ptr.c                                 32      25    78%   42,48,49,50,60,65,66
src/lib/shred.c                               56      42    75%   47,52,68,70,89,131,132,135,168,200,203,220,228
src/lib/string.c                              48      24    50%   33,34,42,64,76,78,79
src/lib/ugen.c                                76      71    93%   62,191,192,241,256
src/lib/vararg.c                              40      30    75%   47,117,122,148,149,150,151,152,153,156
src/main.c                                     2       2   100%   
src/parse/check.c                            882     732    83%   39,43,44,53,75,80,85,93,94,95,98,110,114,116,121,133,137,147,161,162,167,172,210,216,218,229,237,238,259,276,279,293,299,343,349,350,371,384,385,388,413,416,420,438,446,448,450,481,500,508,510,512,515,526,564,593,642,647,652,667,689,703,712,714,725,731,738,739,742,769,770,777,779,805,809,810,814,826,832,840,841,842,863,864,869,901,921,927,935,940,967,968,983,986,992,998,1006,1015,1023,1041,1056,1059,1106,1110,1120,1124,1128,1141,1158,1159,1203,1220,1242,1244,1254,1256,1262,1286,1290,1313,1315,1322,1323,1325,1333,1337
src/parse/did_you_mean.c                      34      31    91%   32,63
src/parse/func.c                              16      15    93%   31
src/parse/operator.c                         182     167    91%   52,55,94,120,209,220,227,228,257,273,279,289,290
src/parse/scan0.c                            170     146    85%   20,73,76,83,92,136,138,147,155,173,175,180,202,211,214,236,267,268,277,294,295,309,358,371
src/parse/scan1.c                            390     336    86%   28,29,51,55,57,66,69,77,81,88,108,112,116,118,130,132,147,152,161,184,185,207,209,219,221,227,232,234,236,240,242,244,266,301,307,327,402,408,420,474,488,489,491
src/parse/scan2.c                            366     300    82%   20,26,64,76,78,86,98,100,106,119,124,138,139,155,165,166,187,189,199,201,207,215,217,219,223,225,227,244,268,305,309,345,349,375,377,388,395,397,409,427,435,455,459,483,499,502,506,508,511,528,543,545,550,551,553,564,566
src/parse/scanx.c                             42      34    81%   16,24,25,30,38,61,69
src/parse/stage.c                             14      14   100%   
src/parse/template.c                          22      19    86%   45,49,72
src/parse/traverse.c                          56      42    75%   15,16,21,31,32,33,34,47,53,54,55,61,63,64
src/parse/type_decl.c                         36      34    94%   32,72
src/parse/type_utils.c                        10       9    90%   17
src/pass.c                                     6       6   100%   
src/plug.c                                    42      41    97%   176
src/soundinfo.c                                0       0    --%   
src/vm/driver.c                                8       8   100%   
src/vm/shreduler.c                            40      40   100%   
src/vm/vm.c                                  132      97    73%   50,58,79,84,90,100,157,378,395,417,461,474,475,502,503,521,522,552,553,590,661,798,880
src/vm/vm_code.c                              20      20   100%   
src/vm/vm_name.c                               4       3    75%   13
src/vm/vm_shred.c                              6       6   100%   
------------------------------------------------------------------------------
TOTAL                                       4849    4034    83%
------------------------------------------------------------------------------
