------------------------------------------------------------------------------
                           GCC Code Coverage Report
Directory: .
------------------------------------------------------------------------------
File                                    Branches   Taken  Cover   Missing
------------------------------------------------------------------------------
src/arg.c                                     53      32    60%   14,16,85,93,97,101,105,109,113,117,132,136,147,151,152,162
src/compile.c                                 46      41    89%   41,65,66,89,120
src/emit/emit.c                              854     683    80%   86,161,201,226,233,260,274,276,277,327,370,388,392,400,401,405,411,418,422,429,430,435,442,538,539,561,562,563,588,598,619,621,622,623,624,626,631,633,634,640,656,659,661,663,665,674,720,723,729,734,735,736,740,743,765,776,783,792,793,804,813,819,825,868,936,949,951,972,973,975,978,982,983,987,1036,1062,1079,1081,1083,1084,1108,1126,1136,1155,1167,1176,1205,1216,1218,1222,1240,1253,1259,1260,1264,1284,1285,1295,1297,1338,1340,1352,1358,1368,1369,1370,1374,1377,1385,1388,1391,1411,1422,1440,1447,1497,1526,1563,1564,1573,1582,1583,1594,1606,1610,1611,1623,1627,1629,1657,1664,1681,1682,1706,1708,1713,1757,1788,1789,1830,1831,1850,1851,1852,1862,1872,1882,1889,1908,1922,1923,1925,1938,1961,1967,1970,1984
src/emit/emitter.c                             2       2   100%   
src/emit/escape.c                             38      29    76%   41,45,57,65
src/emit/memoize.c                             6       6   100%   
src/env/context.c                              4       4   100%   
src/env/env.c                                 10      10   100%   
src/env/env_utils.c                           56      49    87%   16,21,28,35,51,53,70
src/env/nspc.c                                60      47    78%   16,25,26,27,33,70
src/env/tupleform.c                            8       8   100%   
src/env/type.c                                94      86    91%   17,70,130,131,135,161,167,171
src/env/value.c                               20      19    95%   13
src/gwion.c                                   38      35    92%   32,77,79
src/gwiondata.c                                4       4   100%   
src/import/cdef.c                             44      31    70%   31,32,33,41,51,72,79,80,103
src/import/checker.c                         144     123    85%   56,100,101,106,113,127,138,155,166,194,195,203,204,215,246,250,255,277,291
src/import/enum.c                             30      23    76%   25,53,72,74,83,99,101
src/import/fdef.c                             44      40    90%   85,94,116,117
src/import/internals.c                         4       4   100%   
src/import/item.c                             14      13    92%   14
src/import/oper.c                              4       4   100%   
src/import/special.c                           0       0    --%   
src/import/tdef.c                             16      10    62%   22,23,30,42,46,48
src/import/type.c                             16      14    87%   20,21
src/import/udef.c                             50      44    88%   30,33,38,46,50,63
src/lib/array.c                              110      92    83%   76,102,104,148,157,180,191,205,239,277,289,293,303,417,424
src/lib/engine.c                              20      15    75%   22,62,64,159,164
src/lib/event.c                                4       3    75%   37
src/lib/func.c                               140     116    82%   74,75,84,92,99,129,132,134,138,139,141,151,156,160,192,204,220,233,234,252,272,279,296
src/lib/gack.c                                18      15    83%   26,31,53
src/lib/instr.c                               28      24    85%   84,95,104,109
src/lib/modules.c                             38      34    89%   148,218,239,251
src/lib/object.c                              56      51    91%   79,91,115
src/lib/object_op.c                          180     156    86%   56,98,144,160,172,185,239,247,250,262,275,286,290,315,317,351,355,364,386,388,399,404,406
src/lib/opfunc.c                              26      21    80%   16,87,95,101
src/lib/prim.c                                10       9    90%   77
src/lib/prim_values.c                          0       0    --%   
src/lib/ptr.c                                 36      28    77%   27,49,55,56,57,67,73,74
src/lib/shred.c                               60      44    73%   47,52,68,70,89,131,132,135,168,200,203,222,225,232
src/lib/string.c                              48      24    50%   33,34,42,64,76,78,79
src/lib/ugen.c                                76      71    93%   62,191,192,241,256
src/lib/vararg.c                              40      31    77%   46,121,147,148,149,150,151,152,155
src/main.c                                     2       2   100%   
src/parse/check.c                            890     750    84%   38,42,43,52,74,79,84,92,93,94,97,109,113,115,136,146,160,161,166,209,215,217,228,236,237,258,274,280,283,297,303,348,354,355,377,390,391,394,419,422,426,444,452,454,456,487,506,514,516,518,521,532,570,599,649,654,659,674,696,710,719,721,732,737,744,745,748,775,776,785,787,813,817,818,822,834,840,848,849,850,856,875,876,881,913,933,939,947,952,979,980,997,1000,1006,1012,1020,1029,1037,1055,1070,1073,1122,1126,1137,1142,1148,1161,1178,1179,1223,1262,1264,1276,1282,1307,1311,1334,1343,1344,1346,1355
src/parse/did_you_mean.c                      34      31    91%   32,63
src/parse/func.c                              14      13    92%   32
src/parse/operator.c                         172     156    90%   52,55,94,119,175,265,276,283,284,310,317,323,331,332
src/parse/scan0.c                            186     160    86%   20,73,76,83,92,136,138,147,155,173,175,180,202,211,214,236,249,269,270,279,284,297,298,312,368,381
src/parse/scan1.c                            416     359    86%   28,29,51,55,57,66,69,77,81,88,119,141,143,158,163,172,196,197,219,221,231,233,239,244,246,248,252,254,256,278,314,320,325,337,338,340,346,422,428,440,494,499,508,509,511,520
src/parse/scan2.c                            372     306    82%   19,25,60,71,79,91,93,99,112,117,131,132,148,158,159,180,182,192,194,200,208,210,212,216,218,220,237,261,300,304,337,341,367,369,380,387,389,401,419,427,447,451,475,491,494,498,500,503,541,558,560,565,566,568,577,580,582
src/parse/scanx.c                             42      34    81%   16,24,25,30,38,61,69
src/parse/stage.c                             18      18   100%   
src/parse/template.c                          22      19    86%   45,49,72
src/parse/traverse.c                          56      39    69%   15,16,21,29,31,32,33,34,47,53,54,55,60,61,63,64
src/parse/type_decl.c                         36      34    94%   32,72
src/parse/type_utils.c                        10       9    90%   17
src/pass.c                                     6       6   100%   
src/plug.c                                    42      41    97%   180
src/soundinfo.c                                0       0    --%   
src/vm/driver.c                                8       8   100%   
src/vm/shreduler.c                            40      40   100%   
src/vm/vm.c                                  130     100    76%   50,58,79,84,88,90,100,157,379,422,488,489,516,517,535,536,566,567,604,675,900
src/vm/vm_code.c                              20      20   100%   
src/vm/vm_name.c                               4       3    75%   13
src/vm/vm_shred.c                              6       6   100%   
------------------------------------------------------------------------------
TOTAL                                       5075    4249    83%
------------------------------------------------------------------------------
