------------------------------------------------------------------------------
                           GCC Code Coverage Report
Directory: .
------------------------------------------------------------------------------
File                                    Branches   Taken  Cover   Missing
------------------------------------------------------------------------------
src/arg.c                                     53      32    60%   14,16,85,93,97,101,105,109,113,117,132,136,147,151,152,162
src/compile.c                                 40      37    92%   41,66,99
src/emit/emit.c                              862     717    83%   187,219,246,260,262,263,335,381,399,403,411,412,415,446,495,502,521,528,529,533,539,558,563,652,653,663,664,678,707,709,710,711,712,718,738,741,743,745,747,756,793,800,805,806,822,833,840,848,849,855,862,875,918,987,1000,1002,1023,1024,1026,1029,1033,1034,1038,1087,1113,1130,1132,1133,1134,1158,1176,1185,1199,1210,1219,1248,1264,1270,1271,1275,1295,1296,1306,1308,1351,1353,1367,1370,1373,1393,1403,1421,1427,1477,1506,1543,1548,1552,1561,1562,1573,1584,1590,1591,1603,1607,1609,1637,1644,1661,1662,1686,1699,1711,1786,1809,1811,1816,1823,1873,1904,1958,1959,1978,1979,1988,1990,1999,2001,2030,2044,2045,2047,2059,2064
src/emit/emitter.c                             2       2   100%   
src/emit/escape.c                             38      29    76%   41,45,57,65
src/emit/memoize.c                             6       6   100%   
src/env/context.c                              4       4   100%   
src/env/env.c                                 10      10   100%   
src/env/env_utils.c                           56      49    87%   16,21,28,35,51,53,70
src/env/nspc.c                                36      33    91%   16,29,57
src/env/type.c                                98      90    91%   18,78,138,139,143,169,175,179
src/env/value.c                               20      20   100%   
src/gwion.c                                   38      35    92%   32,77,79
src/gwiondata.c                                4       4   100%   
src/import/cdef.c                             32      29    90%   62,63,85
src/import/checker.c                         138     110    79%   28,51,57,106,107,112,118,119,123,133,144,147,161,172,200,201,209,210,219,222,251,255,260,282,296,297
src/import/enum.c                             30      23    76%   25,53,72,74,83,99,101
src/import/fdef.c                             44      36    81%   21,22,85,94,116,117,120,122
src/import/internals.c                         4       4   100%   
src/import/item.c                             14      12    85%   14,50
src/import/oper.c                             12       9    75%   23,25,27
src/import/special.c                           0       0    --%   
src/import/tdef.c                             16      10    62%   22,23,28,40,44,46
src/import/type.c                             16      13    81%   20,21,33
src/import/udef.c                             50      43    86%   19,30,33,38,46,50,63
src/lib/array.c                               94      81    86%   75,101,103,147,156,167,181,192,206,219,360,367
src/lib/complex.c                              2       2   100%   
src/lib/engine.c                              20      15    75%   21,61,63,155,160
src/lib/event.c                                6       5    83%   39
src/lib/func.c                               144     117    81%   73,74,83,91,98,128,131,133,137,138,140,150,155,159,191,203,219,232,236,237,246,252,253,265,272,289
src/lib/gack.c                                22      19    86%   26,30,49
src/lib/instr.c                               28      24    85%   84,95,104,109
src/lib/modules.c                             38      34    89%   148,218,239,251
src/lib/object.c                              70      67    95%   78,134,176
src/lib/opfunc.c                              28      24    85%   20,94,102,108
src/lib/prim.c                                10       9    90%   79
src/lib/ptr.c                                 24      19    79%   37,49,50,52,63
src/lib/shred.c                               56      42    75%   48,53,69,71,90,132,133,136,169,201,204,227,235
src/lib/string.c                             134      75    56%   39,40,63,66,69,72,75,78,81,84,92,93,112,115,118,121,124,128,132,149,151,153,155,158,161,164,167,189,201,203,204
src/lib/tuple.c                              112     101    90%   75,103,105,110,139,157,161,213,314,317,343
src/lib/ugen.c                                90      81    90%   62,135,203,204,205,254,269
src/lib/vararg.c                              18      17    94%   83
src/lib/vec.c                                 58      35    60%   62,254,331,334,336,338,339,343,344,345,346,347,348,349,350,351,352,353,354,355,356,357,358
src/main.c                                     2       2   100%   
src/parse/check.c                            944     797    84%   38,42,43,52,74,79,83,91,92,93,96,108,112,114,135,145,159,160,165,170,208,214,216,227,235,236,257,267,270,277,296,298,331,389,395,396,417,430,431,434,459,462,466,484,492,494,496,527,546,554,556,558,561,572,610,639,688,693,698,713,735,756,765,767,780,781,784,811,812,819,821,847,851,852,856,868,874,882,883,884,902,910,913,925,937,938,943,954,991,997,1005,1010,1035,1036,1052,1055,1061,1067,1075,1084,1092,1110,1125,1128,1175,1181,1191,1195,1199,1212,1229,1230,1274,1313,1315,1327,1333,1369,1373,1396,1398,1415,1425,1429
src/parse/did_you_mean.c                      34      31    91%   32,63
src/parse/func.c                              16      15    93%   31
src/parse/operator.c                         168     155    92%   49,52,115,204,215,222,223,248,255,261,269,270
src/parse/scan0.c                            170     146    85%   20,73,76,83,92,135,137,146,154,172,174,179,201,210,213,236,267,268,277,294,295,309,358,371
src/parse/scan1.c                            378     328    86%   28,29,51,55,57,66,69,77,81,88,109,113,115,127,129,148,153,162,185,186,208,210,220,222,228,233,235,239,241,243,265,288,294,381,399,401,450,455,465,475
src/parse/scan2.c                            368     306    83%   20,26,72,84,86,94,106,108,114,129,134,148,149,165,175,176,197,199,209,211,217,225,227,231,233,235,252,276,313,317,353,357,383,385,396,403,405,417,436,444,464,468,492,508,511,515,517,520,537,552,554,560,573,575
src/parse/scanx.c                             42      35    83%   16,24,25,30,38,61,69
src/parse/stage.c                             14      14   100%   
src/parse/template.c                          82      68    82%   32,34,68,72,81,102,146,155,160,162,171,175,205
src/parse/traverse.c                          50      36    72%   15,16,21,29,31,43,44,50,51,52,58,59,60,61
src/parse/type_decl.c                         36      34    94%   31,71
src/parse/type_utils.c                        10       9    90%   17
src/pass.c                                     6       6   100%   
src/plug.c                                    42      41    97%   176
src/soundinfo.c                                0       0    --%   
src/vm/driver.c                                8       8   100%   
src/vm/shreduler.c                            40      40   100%   
src/vm/vm.c                                  130     105    80%   50,58,79,84,90,100,157,473,474,501,502,520,521,551,552,589,669,881
src/vm/vm_code.c                              20      20   100%   
src/vm/vm_name.c                               4       3    75%   13
src/vm/vm_shred.c                              6       6   100%   
------------------------------------------------------------------------------
TOTAL                                       5147    4329    84%
------------------------------------------------------------------------------
