------------------------------------------------------------------------------
                           GCC Code Coverage Report
Directory: .
------------------------------------------------------------------------------
File                                    Branches   Taken  Cover   Missing
------------------------------------------------------------------------------
src/arg.c                                     53      32    60%   14,16,85,93,97,101,105,109,113,117,132,136,147,151,152,162
src/clean.c                                  108     105    97%   75,161,281
src/compile.c                                 46      41    89%   42,66,67,91,123
src/emit/emit.c                              862     668    77%   81,88,206,211,224,225,231,250,258,290,304,305,307,308,399,417,421,429,430,434,440,447,451,458,459,464,471,529,530,531,577,600,601,621,628,629,630,651,652,653,663,664,666,667,675,689,691,692,693,699,701,702,725,730,732,734,742,787,790,796,801,802,803,807,815,823,834,845,848,849,859,868,869,880,889,895,904,944,950,1018,1031,1033,1054,1055,1057,1060,1065,1066,1071,1078,1100,1102,1141,1167,1188,1194,1195,1237,1240,1252,1262,1266,1283,1294,1295,1304,1318,1330,1332,1334,1338,1373,1379,1380,1384,1404,1415,1417,1455,1457,1477,1486,1487,1494,1496,1502,1504,1505,1508,1558,1568,1579,1636,1664,1705,1706,1715,1724,1725,1736,1748,1752,1753,1765,1769,1771,1799,1806,1823,1824,1892,1925,1926,1967,1968,1987,1988,1989,2005,2015,2032,2053,2067,2068,2070,2079,2082,2083,2085,2089,2108
src/emit/emitter.c                             2       2   100%   
src/emit/escape.c                             38      29    76%   41,45,57,65
src/emit/memoize.c                             6       6   100%   
src/env/context.c                              4       4   100%   
src/env/env.c                                 10      10   100%   
src/env/env_utils.c                           52      47    90%   16,28,33,51,62
src/env/envset.c                              40      24    60%   11,12,21,22,25,26,27,28,36,49,51,60,62
src/env/func.c                                14      13    92%   32
src/env/nspc.c                                60      47    78%   16,25,26,27,33,70
src/env/tupleform.c                           16      15    93%   26
src/env/type.c                               108      85    78%   18,66,112,119,134,135,139,149,159,160,163,165,166,168,171,176,205
src/env/type_special.c                        10      10   100%   
src/env/value.c                               20      20   100%   
src/gwion.c                                   38      35    92%   32,77,79
src/gwiondata.c                                4       4   100%   
src/import/cdef.c                             48      36    75%   31,32,41,68,69,76,79,84,88,105
src/import/checker.c                         118      94    79%   75,96,100,111,115,117,119,132,184,186,206,226,234,235,237,271,277,293,294
src/import/enum.c                             30      23    76%   25,53,72,74,83,99,101
src/import/fdef.c                             46      41    89%   22,85,94,116,117
src/import/internals.c                         4       4   100%   
src/import/item.c                             14      13    92%   14
src/import/oper.c                              4       4   100%   
src/import/special.c                           0       0    --%   
src/import/tdef.c                             16       9    56%   22,23,27,31,39,43,45
src/import/type.c                             16      14    87%   20,21
src/import/udef.c                             50      44    88%   30,33,38,46,50,63
src/lib/array.c                              122      97    79%   57,60,84,98,111,114,158,168,171,194,207,221,259,276,298,310,315,325,453,460
src/lib/engine.c                              20      15    75%   22,69,71,172,177
src/lib/event.c                                4       3    75%   37
src/lib/func.c                               150     118    78%   69,70,79,87,94,124,127,129,133,134,136,146,151,159,173,175,188,198,214,223,236,246,259,260,276,302,322,339
src/lib/instr.c                               32      26    81%   38,77,86,97,106,111
src/lib/modules.c                             38      34    89%   148,218,239,251
src/lib/object.c                              56      53    94%   77,87,111
src/lib/object_op.c                          186     154    82%   56,142,157,170,171,219,227,230,255,267,270,299,301,335,339,348,366,368,377,379,389,395,400,402,427,429,432
src/lib/opfunc.c                              28      21    75%   16,79,81,97,103
src/lib/prim.c                                20      13    65%   77,226,227,233,234
src/lib/prim_values.c                          0       0    --%   
src/lib/ptr.c                                 50      37    74%   27,52,58,60,62,63,73,74,81,82,145
src/lib/shred.c                               68      47    69%   66,71,81,89,91,110,152,153,156,181,192,194,197,223,233,246,290,296,302
src/lib/string.c                             178      49    27%   33,34,41,63,75,77,78,93,94,102,103,111,121,132,134,135,139,140,144,149,159,170,185,194,196,198,210,218,224,226,239,248,267,268,282,286,287,297,305,313,314,325,334,342,343,357,358,368,377,378,388,400,401,412,421,429,430,446,452
src/lib/ugen.c                                64      59    92%   72,201,202,251,272
src/lib/vararg.c                              58      44    75%   34,51,79,101,140,166,167,168,169,170,171,172,173,176
src/main.c                                     2       2   100%   
src/parse/check.c                            926     761    82%   38,42,43,52,74,80,95,110,115,127,140,173,174,176,182,220,226,228,239,247,248,268,269,285,293,295,298,300,309,313,319,320,331,337,351,395,401,402,436,458,461,462,464,466,484,492,542,561,566,569,574,576,578,581,585,594,633,635,664,714,719,723,726,743,763,777,786,788,801,806,813,814,817,840,846,847,856,858,886,887,888,892,903,908,913,921,922,923,929,933,977,997,1003,1015,1022,1026,1031,1046,1048,1063,1066,1072,1078,1086,1095,1102,1120,1135,1138,1149,1150,1189,1193,1205,1211,1217,1230,1246,1255,1296,1313,1347,1349,1355,1380,1384,1414,1416,1423,1424,1426,1435,1436,1437,1440
src/parse/compat_func.c                       10      10   100%   
src/parse/did_you_mean.c                      38      33    86%   32,51,63,68
src/parse/func_operator.c                     16      16   100%   
src/parse/operator.c                         178     161    90%   50,53,89,106,131,187,277,288,295,296,322,329,335,343,344
src/parse/scan0.c                            196     158    80%   20,75,120,122,132,137,141,159,160,161,163,166,191,201,207,209,211,234,246,261,267,268,272,278,280,284,286,299,300,301,315,317,318,394
src/parse/scan1.c                            470     404    86%   38,53,57,59,77,85,89,105,130,149,160,180,186,188,204,209,221,245,246,263,265,275,277,283,288,290,292,296,298,300,317,322,323,378,390,393,411,425,426,428,493,499,520,531,579,581,590,591,595,604,605,607,619,620
src/parse/scan2.c                            366     296    80%   25,31,66,86,98,100,107,120,125,139,140,156,166,167,180,182,192,194,200,208,210,212,216,218,220,237,261,300,301,304,339,343,369,371,378,383,390,392,403,416,424,444,447,471,487,490,494,496,499,538,555,557,562,563,565,574,575,576,579,581
src/parse/scanx.c                             42      35    83%   16,24,25,30,38,61
src/parse/stage.c                             18      18   100%   
src/parse/template.c                          40      31    77%   27,36,37,62,66,89,97,126
src/parse/traverse.c                          50      39    78%   15,21,32,34,40,53,54,55,62,64,65
src/parse/type_decl.c                         30      28    93%   11,18
src/pass.c                                     6       6   100%   
src/plug.c                                    42      41    97%   180
src/soundinfo.c                                0       0    --%   
src/vm/driver.c                                8       8   100%   
src/vm/gack.c                                 14      12    85%   26,31
src/vm/shreduler.c                            40      40   100%   
src/vm/vm.c                                  128      84    65%   48,56,76,83,87,89,139,363,406,465,478,479,506,507,525,526,556,557,576,577,594,808,866,889
src/vm/vm_code.c                              16      16   100%   
src/vm/vm_name.c                               4       3    75%   13
src/vm/vm_shred.c                              6       6   100%   
------------------------------------------------------------------------------
TOTAL                                       5557    4457    80%
------------------------------------------------------------------------------
