------------------------------------------------------------------------------
                           GCC Code Coverage Report
Directory: .
------------------------------------------------------------------------------
File                                    Branches   Taken  Cover   Missing
------------------------------------------------------------------------------
src/arg.c                                     53      32    60%   14,16,85,93,97,101,105,109,113,117,132,136,147,151,152,162
src/compile.c                                 42      35    83%   38,39,41,66,118
src/emit/emit.c                              852     678    79%   86,161,201,226,233,260,274,276,277,327,370,388,392,400,401,405,411,418,422,429,430,435,442,538,539,561,562,563,588,598,619,621,622,623,624,626,631,633,634,640,656,659,661,663,665,674,701,720,723,729,734,735,736,740,743,765,776,783,792,793,804,813,819,825,868,936,949,951,972,973,975,978,982,983,987,1036,1062,1079,1081,1083,1084,1108,1126,1136,1155,1169,1178,1179,1207,1218,1220,1224,1242,1255,1261,1262,1266,1286,1287,1297,1299,1342,1344,1357,1367,1368,1372,1375,1382,1385,1388,1408,1419,1437,1444,1494,1523,1560,1561,1570,1579,1580,1591,1603,1607,1608,1620,1624,1626,1654,1661,1678,1679,1703,1705,1710,1754,1785,1786,1827,1828,1847,1848,1849,1857,1859,1869,1871,1879,1886,1905,1919,1920,1922,1935,1958,1964,1967,1981
src/emit/emitter.c                             2       2   100%   
src/emit/escape.c                             38      29    76%   41,45,57,65
src/emit/memoize.c                             6       6   100%   
src/env/context.c                              4       4   100%   
src/env/env.c                                 10      10   100%   
src/env/env_utils.c                           56      49    87%   16,21,28,35,51,53,70
src/env/nspc.c                                60      47    78%   16,25,26,27,33,70
src/env/tupleform.c                            8       8   100%   
src/env/type.c                                92      83    90%   16,24,69,129,130,134,160,166,170
src/env/value.c                               20      19    95%   13
src/gwion.c                                   38      35    92%   32,77,79
src/gwiondata.c                                4       4   100%   
src/import/cdef.c                             44      31    70%   31,32,33,41,51,72,79,80,103
src/import/checker.c                         144     123    85%   56,100,101,106,113,127,138,155,166,194,195,203,204,215,246,250,255,277,291
src/import/enum.c                             30      23    76%   25,53,72,74,83,99,101
src/import/fdef.c                             44      40    90%   85,94,116,117
src/import/internals.c                         4       4   100%   
src/import/item.c                             14      13    92%   14
src/import/oper.c                              4       4   100%   
src/import/special.c                           0       0    --%   
src/import/tdef.c                             16      10    62%   22,23,30,42,46,48
src/import/type.c                             16      14    87%   20,21
src/import/udef.c                             50      44    88%   30,33,38,46,50,63
src/lib/array.c                              110      92    83%   76,102,104,148,157,180,191,205,239,277,289,293,303,417,424
src/lib/engine.c                              20      15    75%   22,62,64,159,164
src/lib/event.c                                4       3    75%   37
src/lib/func.c                               142     116    81%   74,75,84,92,99,129,132,134,138,139,141,151,156,160,192,204,220,236,237,246,252,253,265,272,289
src/lib/gack.c                                18      15    83%   26,31,53
src/lib/instr.c                               28      24    85%   84,95,104,109
src/lib/modules.c                             38      34    89%   148,218,239,251
src/lib/object.c                              56      51    91%   79,91,115
src/lib/object_op.c                          180     156    86%   56,98,144,160,172,185,239,247,250,262,275,286,290,315,317,351,355,364,386,388,399,404,406
src/lib/opfunc.c                              26      21    80%   16,87,95,101
src/lib/prim.c                                10       9    90%   77
src/lib/prim_values.c                          0       0    --%   
src/lib/ptr.c                                 32      24    75%   20,43,49,50,51,61,67,68
src/lib/shred.c                               60      44    73%   47,52,68,70,89,131,132,135,168,200,203,222,225,232
src/lib/string.c                              48      24    50%   33,34,42,64,76,78,79
src/lib/ugen.c                                76      71    93%   62,191,192,241,256
src/lib/vararg.c                              40      30    75%   47,117,122,148,149,150,151,152,153,156
src/main.c                                     2       2   100%   
src/parse/check.c                            886     745    84%   38,42,43,52,74,79,84,92,93,94,97,109,113,115,136,146,160,161,166,209,215,217,228,236,237,258,276,279,293,299,344,350,351,373,386,387,390,415,418,422,440,448,450,452,483,502,510,512,514,517,528,566,595,645,650,655,670,692,706,715,717,728,733,740,741,744,771,772,784,786,812,816,817,821,833,839,847,848,849,870,871,876,908,928,934,942,947,974,975,992,995,1001,1007,1015,1024,1032,1050,1065,1068,1117,1121,1132,1137,1143,1156,1173,1174,1218,1257,1259,1271,1277,1302,1306,1329,1338,1339,1341,1350
src/parse/did_you_mean.c                      34      31    91%   32,63
src/parse/func.c                              14      13    92%   32
src/parse/operator.c                         172     156    90%   52,55,94,119,175,265,276,283,284,310,317,323,331,332
src/parse/scan0.c                            182     157    86%   20,73,76,83,92,136,138,147,155,173,175,180,202,211,214,236,249,269,270,279,296,297,311,367,380
src/parse/scan1.c                            416     359    86%   28,29,51,55,57,66,69,77,81,88,119,141,143,158,163,172,196,197,219,221,231,233,239,244,246,248,252,254,256,278,314,320,325,337,338,340,346,422,428,440,494,499,508,509,511,520
src/parse/scan2.c                            368     302    82%   19,25,63,74,82,94,96,102,115,120,134,135,151,161,162,183,185,195,197,203,211,213,215,219,221,223,240,264,303,307,340,344,370,372,383,390,392,404,422,430,450,454,478,494,497,501,503,506,523,542,544,549,550,552,561,564,566
src/parse/scanx.c                             42      34    81%   16,24,25,30,38,61,69
src/parse/stage.c                             18      18   100%   
src/parse/template.c                          22      19    86%   45,49,72
src/parse/traverse.c                          56      39    69%   15,16,21,29,31,32,33,34,47,53,54,55,60,61,63,64
src/parse/type_decl.c                         36      34    94%   32,72
src/parse/type_utils.c                        10       9    90%   17
src/pass.c                                     6       6   100%   
src/plug.c                                    42      41    97%   180
src/soundinfo.c                                0       0    --%   
src/vm/driver.c                                8       8   100%   
src/vm/shreduler.c                            40      40   100%   
src/vm/vm.c                                  130     100    76%   50,58,79,84,88,90,100,157,379,422,488,489,516,517,535,536,566,567,604,675,900
src/vm/vm_code.c                              20      20   100%   
src/vm/vm_name.c                               4       3    75%   13
src/vm/vm_shred.c                              6       6   100%   
------------------------------------------------------------------------------
TOTAL                                       5053    4218    83%
------------------------------------------------------------------------------
